      0/99     19.6G   0.04477    0.1021   0.02449    0.1714        80      1280    0.7353    0.4462    0.4697    0.2506   0.05055    0.1274   0.01378
      1/99     19.6G   0.03283   0.04197  0.003798    0.0786        22      1280    0.7629    0.5115     0.571    0.3109   0.04744    0.1325  0.009504
      2/99     19.6G    0.0326   0.04199  0.003275   0.07787        74      1280    0.7451    0.5329    0.5828    0.3163    0.0455    0.1364  0.008814
      3/99     19.6G   0.03172   0.04144  0.002998   0.07616       165      1280    0.7657    0.5291    0.5863    0.3233   0.04402    0.1397  0.008411
      4/99     19.6G   0.03096   0.04031  0.002711   0.07399        84      1280    0.7557     0.542    0.6013    0.3326   0.04255    0.1428   0.00837
      5/99     19.6G   0.03058   0.03998  0.002586   0.07315        37      1280    0.7828    0.5325    0.6047    0.3362   0.04238     0.144  0.008229
      6/99     19.6G   0.03041   0.03946  0.002479   0.07235       101      1280    0.7764    0.5467    0.6127    0.3405   0.04199    0.1453  0.008267
      7/99     19.6G   0.03032   0.03919   0.00243   0.07193        95      1280    0.7579    0.5639    0.6171    0.3433   0.04143    0.1472  0.008096
      8/99     19.6G   0.03018   0.03895  0.002377    0.0715       137      1280    0.7609    0.5606    0.6168    0.3451    0.0415    0.1479  0.008106
      9/99     19.6G   0.03009   0.03873  0.002308   0.07113        57      1280    0.7557    0.5688    0.6202    0.3476   0.04164    0.1483  0.008072
     10/99     19.6G   0.03008   0.03849  0.002309   0.07088        91      1280    0.7591    0.5687    0.6231    0.3494   0.04173    0.1486  0.008066
     11/99     19.6G    0.0301   0.03841  0.002282    0.0708        16      1280    0.7762    0.5568    0.6238    0.3502    0.0419    0.1486  0.008068
     12/99     19.6G      0.03   0.03848  0.002248   0.07073       162      1280    0.7805    0.5548    0.6231    0.3507   0.04181    0.1491  0.008043
     13/99     19.6G   0.02995   0.03831  0.002241   0.07051        30      1280    0.7706    0.5582    0.6228    0.3511   0.04175    0.1494  0.008043
     14/99     19.6G   0.03004   0.03809  0.002191   0.07032       192      1280    0.7442    0.5796    0.6229    0.3511   0.04169    0.1498   0.00803
     15/99     19.6G   0.02995   0.03798  0.002206   0.07014       139      1280    0.7476    0.5771    0.6236    0.3519   0.04162    0.1501   0.00802
     16/99     19.6G   0.02995   0.03805   0.00219   0.07018        74      1280    0.7481    0.5778    0.6241    0.3523   0.04153    0.1505  0.008013
     17/99     19.6G   0.02995   0.03794  0.002161   0.07004        66      1280    0.7471    0.5788    0.6248    0.3531   0.04142    0.1509  0.007988
     18/99     19.6G   0.02994   0.03791  0.002136   0.06999       160      1280     0.759    0.5719    0.6253    0.3532   0.04133    0.1513  0.007964
     19/99     19.6G   0.02994   0.03773   0.00215   0.06982        83      1280     0.755    0.5784    0.6262    0.3532   0.04129    0.1515  0.007956
     20/99     19.6G   0.02988   0.03783  0.002121   0.06983        35      1280    0.7579    0.5764    0.6271    0.3535   0.04126    0.1517  0.007966
     21/99     19.6G   0.02988    0.0378  0.002108   0.06978       104      1280    0.7562    0.5796    0.6279    0.3541   0.04124    0.1518  0.007976
     22/99     19.6G   0.02987   0.03766  0.002087   0.06962        32      1280    0.7529    0.5827    0.6299    0.3546    0.0412     0.152  0.007983
     23/99     19.6G   0.02987   0.03747   0.00209   0.06944        15      1280     0.778    0.5647    0.6306    0.3546   0.04118    0.1521  0.007982
     24/99     19.6G   0.02992   0.03752  0.002068   0.06951        97      1280     0.773    0.5674    0.6298    0.3549   0.04116    0.1523  0.007993
     25/99     19.6G   0.02985   0.03739  0.002058   0.06929        14      1280    0.7635    0.5739    0.6297    0.3555    0.0411    0.1525  0.008007
     26/99     19.6G   0.02984   0.03739  0.002064    0.0693        91      1280    0.7698    0.5702    0.6302    0.3559   0.04104    0.1526  0.008032
     27/99     19.6G   0.02983   0.03727  0.002052   0.06915        75      1280    0.7699    0.5705    0.6303    0.3568   0.04099    0.1527  0.008057
     28/99     19.6G   0.02979   0.03721  0.002027   0.06903       186      1280    0.7656    0.5744    0.6309    0.3572   0.04095    0.1528  0.008089
     29/99     19.6G   0.02981   0.03715  0.002019   0.06897        53      1280    0.7665    0.5735    0.6318    0.3572   0.04088    0.1531   0.00812
     30/99     19.6G    0.0298   0.03724  0.001998   0.06904       157      1280     0.763    0.5765    0.6329    0.3581   0.04083    0.1532  0.008153
     31/99     19.6G   0.02985   0.03708  0.002004   0.06893        77      1280    0.7651    0.5756    0.6356    0.3593   0.04079    0.1533  0.008194
     32/99     19.6G   0.02978    0.0371  0.001988   0.06887        73      1280     0.739    0.5962    0.6378    0.3608   0.04076    0.1533  0.008229
     33/99     19.6G   0.02974   0.03708  0.001982    0.0688       102      1280     0.796    0.5544    0.6388    0.3612   0.04072    0.1533  0.008252
     34/99     19.6G   0.02976   0.03707  0.001951   0.06879       103      1280    0.7407    0.5978    0.6396    0.3616   0.04072    0.1533   0.00829
     35/99     19.6G   0.02969   0.03721  0.001943   0.06884        63      1280    0.7435    0.5957    0.6405    0.3624   0.04068    0.1534  0.008331
     36/99     19.6G   0.02973   0.03703  0.001958   0.06872       113      1280    0.7533    0.5914    0.6404    0.3621   0.04062    0.1535  0.008365
     37/99     19.6G   0.02967   0.03696  0.001933   0.06857       107      1280    0.7481    0.5962    0.6405    0.3622    0.0406    0.1536  0.008418
     38/99     19.6G   0.02971   0.03703  0.001934   0.06867       128      1280    0.7513    0.5929    0.6411    0.3624   0.04059    0.1536  0.008473
     39/99     19.6G   0.02963   0.03692  0.001914   0.06846        71      1280    0.7688      0.58    0.6417    0.3639   0.04061    0.1535  0.008529
     40/99     19.6G   0.02966   0.03695  0.001915   0.06853        33      1280    0.7621    0.5861    0.6425    0.3645   0.04061    0.1534  0.008572
     41/99     19.6G   0.02961   0.03683  0.001914   0.06835       139      1280     0.766    0.5836    0.6432    0.3649    0.0406    0.1535  0.008609
     42/99     19.6G   0.02959   0.03691  0.001892   0.06839        87      1280    0.7669    0.5844    0.6437    0.3655   0.04062    0.1534  0.008644
     43/99     19.6G   0.02956   0.03693  0.001903    0.0684        16      1280    0.7748    0.5791    0.6447    0.3662   0.04063    0.1534  0.008693
     44/99     19.6G   0.02958   0.03679  0.001882   0.06825        44      1280     0.764    0.5892    0.6439     0.366    0.0406    0.1534  0.008725
     45/99     19.6G   0.02952   0.03657  0.001872   0.06796        80      1280    0.7678    0.5877    0.6439    0.3658   0.04057    0.1533  0.008777
     46/99     19.6G   0.02957   0.03671  0.001878   0.06816        11      1280    0.7597    0.5917    0.6439    0.3664   0.04059    0.1532  0.008831
     47/99     19.6G    0.0295   0.03665  0.001856   0.06801        54      1280    0.7567    0.5942    0.6439     0.366   0.04056    0.1531  0.008888
     48/99     19.6G   0.02946   0.03653  0.001849   0.06784       103      1280    0.7713    0.5828     0.644    0.3656   0.04055    0.1531  0.008926
     49/99     19.6G   0.02949   0.03657  0.001844   0.06791        66      1280    0.7709    0.5837    0.6438    0.3656   0.04056     0.153  0.008978
     50/99     19.6G   0.02946   0.03663  0.001834   0.06792        70      1280    0.7694    0.5851     0.645    0.3665   0.04053    0.1531  0.009016
     51/99     19.6G   0.02944   0.03636  0.001828   0.06763        57      1280    0.7509    0.5993    0.6447    0.3669   0.04052     0.153  0.009057
     52/99     19.6G   0.02939   0.03632  0.001827   0.06754        83      1280    0.7693     0.585    0.6456    0.3676   0.04051    0.1529  0.009104
     53/99     19.6G   0.02938   0.03633  0.001805   0.06752       103      1280    0.7684    0.5857    0.6464    0.3671   0.04052    0.1528  0.009142
     54/99     19.6G   0.02937   0.03632  0.001811    0.0675       109      1280    0.7586    0.5951    0.6471    0.3677   0.04051    0.1528  0.009172
     55/99     19.6G   0.02934   0.03633  0.001792   0.06746        38      1280    0.7647     0.593    0.6496    0.3686    0.0405    0.1528  0.009205
     56/99     19.6G   0.02933   0.03622  0.001786   0.06734        18      1280    0.7624    0.5941    0.6488    0.3682   0.04047    0.1527  0.009241
     57/99     19.6G   0.02926   0.03632  0.001769   0.06735       141      1280    0.7657    0.5931    0.6497    0.3683   0.04051    0.1525   0.00927
     58/99     19.6G   0.02921   0.03624  0.001781   0.06723        69      1280    0.7843    0.5802    0.6505    0.3693   0.04052    0.1524  0.009309
     59/99     19.6G   0.02919   0.03613  0.001751   0.06706       104      1280    0.7837    0.5805    0.6499    0.3692    0.0405    0.1523  0.009355
     60/99     19.6G    0.0292   0.03619  0.001738   0.06713        83      1280    0.7868    0.5785    0.6497    0.3688   0.04051    0.1523  0.009386
     61/99     19.6G   0.02919   0.03603  0.001733   0.06695        57      1280    0.7877    0.5787    0.6495    0.3686    0.0405    0.1522  0.009416
     62/99     19.6G   0.02914   0.03601  0.001715   0.06687       110      1280    0.7879    0.5785    0.6502     0.369   0.04048    0.1521  0.009447
     63/99     19.6G    0.0291   0.03616  0.001707   0.06696        57      1280    0.7926    0.5744    0.6501    0.3691   0.04048    0.1521  0.009474
     64/99     19.6G   0.02912   0.03598  0.001727   0.06682        63      1280    0.7923    0.5763    0.6498    0.3693   0.04048     0.152  0.009514
     65/99     19.6G   0.02902   0.03592  0.001703   0.06664       120      1280    0.7912    0.5771    0.6496    0.3701   0.04046     0.152  0.009553
     66/99     19.6G   0.02906   0.03602  0.001701   0.06678        56      1280    0.7802    0.5843    0.6501    0.3702   0.04042    0.1519  0.009605
     67/99     19.6G   0.02904   0.03582  0.001675   0.06654        18      1280    0.7923    0.5757    0.6499    0.3704   0.04042     0.152  0.009643
     68/99     19.6G   0.02902   0.03589  0.001678   0.06659        54      1280    0.7801     0.585    0.6505    0.3701    0.0404     0.152  0.009685
     69/99     19.6G   0.02901   0.03594  0.001679   0.06663        30      1280    0.7775    0.5865    0.6499      0.37   0.04038    0.1519  0.009731
     70/99     19.6G   0.02894   0.03567  0.001662   0.06627       128      1280    0.7841    0.5819    0.6504    0.3709   0.04035     0.152  0.009755
     71/99     19.6G   0.02896   0.03579  0.001655    0.0664       120      1280    0.7893    0.5781    0.6478    0.3701   0.04032    0.1521  0.009775
     72/99     19.6G    0.0289   0.03572  0.001644   0.06626       126      1280    0.7883    0.5792    0.6482    0.3698   0.04032    0.1521  0.009801
     73/99     19.6G   0.02889   0.03556  0.001628   0.06607       154      1280    0.7763    0.5877    0.6492    0.3708   0.04033    0.1522   0.00982
     74/99     19.6G    0.0288   0.03564  0.001625   0.06607        93      1280    0.7891    0.5786    0.6491    0.3708   0.04032    0.1523  0.009848
     75/99     19.6G   0.02882   0.03558  0.001628   0.06603       102      1280    0.7895    0.5792    0.6513    0.3716   0.04032    0.1523  0.009878
     76/99     19.6G   0.02878   0.03559  0.001615   0.06598        48      1280    0.7897    0.5777    0.6495    0.3711   0.04027    0.1523  0.009893
     77/99     19.6G   0.02884   0.03548  0.001613   0.06593        32      1280    0.6278      0.65    0.6512    0.3725   0.04028    0.1524   0.00992
     78/99     19.6G   0.02876   0.03549  0.001594   0.06584       169      1280    0.6503      0.64     0.651    0.3727   0.04028    0.1524  0.009949
     79/99     19.6G   0.02874   0.03539  0.001581   0.06571        68      1280    0.6976    0.6199     0.653    0.3746   0.04026    0.1525  0.009986
     80/99     19.6G   0.02876   0.03551  0.001593   0.06587        74      1280    0.6712     0.626    0.6526    0.3741   0.04024    0.1525   0.01001
     81/99     19.6G   0.02873   0.03528  0.001581   0.06559       190      1280    0.6913    0.6136    0.6542    0.3751   0.04023    0.1526   0.01003
     82/99     19.6G   0.02869   0.03536  0.001572   0.06563        44      1280    0.7176    0.6061     0.656    0.3759   0.04023    0.1527   0.01006
     83/99     19.6G   0.02869   0.03523  0.001569   0.06549        90      1280    0.6718    0.6468    0.6572    0.3768   0.04021    0.1528   0.01009
     84/99     19.6G   0.02866   0.03541  0.001557   0.06562       110      1280    0.6736    0.6528    0.6583    0.3766   0.04023    0.1528   0.01011
     85/99     19.6G   0.02866   0.03515  0.001572   0.06538       128      1280    0.6946      0.63    0.6646    0.3822    0.0402    0.1528   0.01014
     86/99     19.6G   0.02859    0.0352  0.001541   0.06533       128      1280    0.6889    0.6316    0.6565    0.3765   0.04018    0.1528   0.01016
     87/99     19.6G   0.02863   0.03498  0.001535   0.06514       109      1280    0.7257    0.5914    0.6564    0.3754   0.04013     0.153   0.01017
     88/99     19.6G   0.02852    0.0352  0.001532   0.06525        69      1280    0.7138    0.5999    0.6535    0.3735   0.04011    0.1531   0.01018
     89/99     19.6G   0.02856   0.03514  0.001525   0.06523       105      1280    0.7421    0.5904    0.6549    0.3757   0.04005    0.1532    0.0102
     90/99     19.6G   0.02858   0.03497   0.00152   0.06507        15      1280    0.6986    0.6095    0.6523    0.3739   0.04002    0.1534   0.01021
     91/99     19.6G   0.02852   0.03515  0.001512   0.06518        83      1280    0.6714     0.624    0.6521    0.3739   0.04002    0.1535   0.01023
     92/99     19.6G   0.02855   0.03507  0.001508   0.06514       141      1280    0.6632    0.6337    0.6547     0.375   0.04001    0.1536   0.01024
